r=20
c=30
000000000000000000000000000000
011111111111100001111111111110
013333333333100001333332222210
013333333333444444333222233310
013333222221100001333333333310
013333222421000001333333333310
011111111111000001333333333310
000000000000000001331111411110
000000000000000001310000400000
000000000000000001100000400000
000000000000000001000000400000
000000000000000000000000400000
011111100011111000000000400000
013333311133333111111110400000
013433322333333333333310400000
013322222333333333333311411110
013332223333333133333333333310
013333311333311111333333334310
011111111111110001111111111110
000000000000000000000000000000